2000 2000
3868 9992
9404 6979
2155 542
4263 7953
1014 6086
6820 5719
2216 290
4141 6601
704 5020
1245 3477
1992 1789
6692 6051
5564 6717
7540 9038
5779 4880
5395 3199
6647 8467
6786 4197
2887 5992
8956 39
4793 4027
9053 1153
2044 9714
4212 709
6421 3349
5594 8190
2331 7044
5494 5440
1432 3637
9209 8650
10000 8990
7821 1606
7668 5850
9846 8602
3945 5889
8032 7437
3483 5693
795 5326
1250 2375
3306 426
7632 9901
5914 5709
2593 3697
2393 4539
6881 1595
5027 4568
5560 7897
4292 6333
5232 8119
2726 5554
3969 7689
5137 6049
4454 1124
8144 3148
2809 5509
2606 2454
3426 1300
4851 7370
6647 5359
9326 2229
968 3139
8393 1965
2176 4944
1529 1951
6541 4213
536 6683
1875 7466
5811 3859
5388 6717
7438 2564
1128 4657
236 9818
2079 9643
1812 1441
3673 5380
3817 2287
8287 6845
7158 630
3747 4782
5966 9064
2794 6915
9724 3193
9280 9636
9858 7933
3343 1059
5307 3048
5284 5711
2347 8406
6798 7543
1937 8131
306 9374
3190 3336
7115 3165
1667 5359
7735 4354
6760 734
9571 2666
8657 9084
4487 2573
5955 5661
5167 7211
6620 9090
5268 5408
9335 4518
3700 6735
8113 6280
8812 2241
3914 6289
1178 1540
5773 9545
4559 6030
2233 3696
1907 164
2565 327
1061 132
2538 1277
1617 2517
5617 4259
6471 3038
5855 4320
2934 8765
4141 5581
4330 8429
7110 8210
9605 4949
6726 2402
5537 42
5951 7364
1596 3137
8497 2973
4089 5173
8949 647
6686 1319
6421 1660
7159 1804
4867 1428
9405 4517
4076 5722
6734 9206
2402 3039
2631 4869
3995 5156
1679 6841
1897 313
1680 8116
7774 9161
5826 8047
9142 1202
555 986
2096 5797
5820 7963
6877 6235
5023 8778
8284 6288
4424 4605
4310 1122
8325 4358
8426 3158
9291 7639
9408 8359
1701 1511
8826 3843
4360 8981
2539 6532
7620 4226
5203 5213
4841 6014
6967 2699
4040 5781
402 5505
2535 9967
8984 5518
4392 4030
731 1797
4081 983
8725 8230
2451 8245
4840 7664
2962 3853
8777 2987
735 6963
5341 1806
3437 453
5333 2069
9961 6126
8507 1696
2752 6711
7708 5882
622 4397
2230 6176
4595 4007
7618 1743
7720 8429
6524 5480
8616 6117
2973 7787
1739 8282
9411 817
473 8331
7670 9889
2663 9085
2122 374
7878 2694
5927 9606
6327 9811
8982 8672
2428 3200
4674 6465
3820 6244
9193 5678
5840 4787
1406 9005
5064 6910
9242 138
9936 8264
3371 7013
6211 9904
7991 5903
7525 2098
5694 717
9772 9726
4945 7098
4444 9526
1662 3963
107 6445
80 5678
2877 9838
9367 2068
3555 9327
8809 2813
2114 6304
6746 1338
7252 8595
753 5450
1548 772
9263 3650
3567 3256
1663 6873
9905 8801
583 8809
4033 5615
5722 9843
4749 5926
1903 9241
1198 6529
8543 1975
9165 6594
4148 8228
4076 6613
7141 2447
7921 632
2000 9783
6543 8270
3508 8942
7169 7604
4829 1017
3994 8941
7406 2891
2316 2156
8143 7966
2259 6657
9764 1989
7353 4517
4976 259
4204 4647
9766 7000
1400 3952
9717 3756
8096 5540
7704 802
6693 2120
5756 4758
9140 4026
6143 1185
8216 7831
8396 4213
8919 6911
8302 1896
4711 9516
2373 3134
8696 307
4975 6522
5591 2355
2315 5355
6831 5501
1546 3911
9033 4846
7924 8146
9643 3598
772 4982
2365 5514
1781 955
8201 8710
619 3377
9588 8519
1566 3981
3203 4816
5506 6682
8198 3872
492 7368
2933 8734
2634 4168
8195 3615
6106 4503
198 5875
4232 3160
9206 3654
9296 6534
7757 3009
8097 6916
6577 2072
486 1096
7701 6841
4070 8338
8526 1464
2896 3465
832 2273
4995 9972
6790 44
8818 3910
5395 6642
5584 4453
7869 7280
113 7191
5075 4913
6215 9687
1232 452
8227 2952
351 8180
3881 4517
9005 5130
8260 2076
384 2911
4376 6145
7680 8318
7042 7852
4842 2935
1777 5598
6132 1537
5744 3327
302 6636
6095 1381
8009 8729
2164 9129
6729 9492
6891 5235
2520 6524
9295 3910
7059 5113
4078 9967
3220 3013
993 6399
9349 5413
1498 829
7678 7342
3052 6225
773 3646
8451 172
6979 1468
2888 852
320 2897
6332 2599
5729 6677
6671 5616
6858 1298
9731 1696
5830 9644
1200 5456
3473 7124
9978 3900
639 4125
8301 8921
7973 5299
5440 4699
2357 9253
3435 6222
1815 9897
7328 2419
3057 6410
6651 8606
3407 1249
2342 1351
1243 7405
6500 6152
4283 8023
2639 1140
8886 4269
6566 7743
4393 1361
508 9122
3334 1007
4483 1770
9202 474
3952 7421
3797 5808
7786 9135
2130 6826
7919 6916
5700 6415
4623 821
1754 4197
3674 9518
7908 1566
5159 1198
6384 4043
8963 8600
4341 8014
6317 1952
8316 1407
7625 8471
8805 8566
966 5655
9083 1255
166 2183
8756 8823
2909 8344
3983 8044
4297 6528
2853 9525
6381 2344
5980 3112
8777 9109
4041 612
696 4897
4966 7001
1447 328
8801 9265
6869 9517
6230 9126
3772 7855
960 3556
3218 2962
6829 1060
7246 4094
3081 4174
5540 3061
6412 1603
4292 8460
9657 2805
7541 3232
9566 2515
7270 6714
8556 2189
9398 1805
2870 8967
7469 4123
2958 6372
462 5990
8253 8400
677 846
4082 657
1205 713
5278 7622
4290 1060
548 8472
7293 8904
9956 9647
1664 8783
2750 9124
1864 6965
9355 6402
1622 9793
6359 6940
6332 8522
4222 8808
1743 8504
4550 1391
3704 4238
7615 490
6879 6028
320 9140
9937 7135
9920 659
4204 3876
4310 7872
4763 6701
914 8470
4787 8161
7324 721
2788 1798
213 3360
4796 4040
1225 255
856 760
4460 4087
8220 2597
8933 9302
7815 712
9109 6416
39 3112
5937 3205
3390 109
1613 7571
8537 3148
3745 5477
9468 2101
304 6605
1182 3868
4464 780
4346 6684
3265 8271
572 5516
6338 554
9009 3724
5609 7099
4308 7782
3227 5119
701 4921
9358 3401
2558 999
3806 3660
9990 6482
228 8164
2410 2311
3819 8202
8248 7481
1004 3128
9497 6468
8529 565
5361 3518
9127 5504
4026 1518
9132 9141
8518 4466
9902 1404
9953 9403
2189 8634
6046 7661
7025 3981
4280 8694
6367 2227
4280 7874
5986 9997
666 7344
4690 9906
5399 9797
7484 2465
5100 9754
432 4007
2865 201
9721 3190
1981 7169
500 4971
8364 9479
384 7594
4509 9360
7149 3954
6001 7101
2051 1911
3599 5186
6522 6369
7699 1068
8252 9280
5802 1249
7450 7574
8669 2044
8041 9762
3313 3342
8393 7802
873 3190
3031 5274
6475 6055
5258 6064
4335 1404
1997 4216
1715 6639
7525 1095
9541 4857
421 7642
9144 4690
2271 342
9452 5337
2433 8423
8069 7124
6739 4279
263 1119
7924 5980
126 9679
9482 9398
653 5917
547 1339
8149 943
2146 1788
4181 2451
1392 5054
7772 8346
868 6236
6191 1865
4813 6823
9836 5386
9400 6391
9781 9473
3008 6422
8293 9051
6156 5329
2901 243
9262 2248
753 9446
4980 848
4381 7401
8742 4703
125 7362
3703 2806
6591 9328
5699 8590
8616 3434
5756 4134
2312 7173
954 5719
3105 5474
6033 3923
443 2085
8964 251
3831 2245
8026 1797
9228 5007
3897 1159
6895 8688
1763 5030
4016 5418
7185 3067
6852 819
5338 9523
8541 8418
7336 6061
7651 4701
7768 7770
676 9009
8475 9453
2947 7865
7135 3425
8244 3136
6337 1176
3404 3995
3828 2942
1043 7594
7703 9798
8334 5150
3901 5596
7317 6098
7289 1231
4144 9941
2561 6833
16 7597
1363 106
727 5891
2887 6645
1636 6316
1684 949
1928 6929
4209 6511
9136 6202
2973 1301
3023 818
6625 7441
9504 1543
5251 3074
3467 5588
3099 1049
9463 2955
3391 4816
3567 2833
190 4546
1384 1092
1233 7231
4078 643
4696 8596
3693 9583
8601 9686
5433 7582
4686 5102
5362 8868
1894 5752
2332 919
2821 9660
2571 9447
2539 2650
1775 7578
8430 1536
7482 3060
8743 3554
1834 2712
4536 8820
5377 8542
1644 4832
791 9870
1029 8664
5992 3588
7246 864
1860 8211
8401 2449
5129 5541
4379 7361
6223 2497
2800 4741
3429 7934
6840 84
2430 5251
9165 9362
8553 445
2365 3053
1237 5387
1126 7143
7921 2308
2572 8028
4433 2809
3058 1402
9094 5914
4690 1411
7095 5612
6209 3542
5256 5749
6559 5999
5731 6027
3408 7730
8936 6769
6442 6858
8973 6972
5623 5220
2244 6001
9652 6888
2716 4738
563 932
2251 8699
2197 7657
4770 7074
4239 1895
4720 743
7202 8720
1423 1036
9085 6185
2807 7216
6735 3087
1315 4109
1389 1920
5419 5594
1030 86
1697 176
4170 4144
6111 7651
9690 7618
7684 7415
2568 2311
7286 2191
505 4745
8089 7475
1457 8036
1302 1926
5466 9969
957 6125
3365 6849
8551 5026
610 5142
3837 2159
3607 5896
9837 4589
2441 8589
5234 3986
2882 5692
2866 1375
1000 9522
7768 6433
590 3808
6027 6257
1777 4754
5717 8981
8774 4321
1040 9604
4294 9083
5922 8308
469 4812
8570 4399
5301 2722
4882 3516
4698 9943
136 9026
9109 753
9687 9841
6626 2815
6242 5852
5269 398
4662 3339
2091 9009
9297 2782
8233 9683
9528 3072
5332 843
3506 6805
4285 8321
3462 4328
9517 3559
8141 2510
1224 2655
4467 6627
4645 8316
6528 6964
2269 5347
2556 3982
7997 9091
4354 8206
3271 4957
282 6520
401 6214
1778 1628
5949 36
8925 4038
6041 730
6307 3357
106 6263
8419 3097
332 4397
1409 7498
1010 6305
9174 6153
9578 3114
3936 8453
5344 3952
8544 1219
3963 8753
2574 6279
3350 7913
9348 5032
1076 1473
239 3343
9685 6530
8323 6780
8013 3279
2972 6225
2092 1203
1178 2058
6888 8822
9979 7503
4891 2347
6241 5621
4449 9544
3443 3444
5333 46
5323 7496
845 1074
1111 2501
9936 2845
4507 3752
3586 605
4061 9440
2977 9733
4573 3444
3737 4069
1472 8686
4226 4644
5067 4279
5694 8673
630 5786
6099 2251
6192 4874
2650 2405
6099 1210
482 9650
8176 7240
3425 5287
6473 4016
7245 8156
7504 4045
8755 721
5608 9031
8153 959
5405 8059
7000 5363
9276 1068
979 4991
9457 3537
7246 3099
5722 1569
3810 7179
2688 8821
2400 1549
4074 5672
4102 5258
1042 6727
8912 5258
6806 9332
6622 4954
4848 765
4802 162
8326 3273
4919 7260
8377 7693
9084 7134
6056 7453
5824 5051
9618 5195
8471 5989
5369 4345
537 425
3369 9899
6396 3169
2859 2731
5646 2110
3497 3513
7156 6121
1926 5862
7899 1740
3013 8875
2509 7023
9559 934
9268 3752
3715 2497
1430 6272
2708 4745
2910 8710
9984 4464
235 790
7110 7061
176 732
5626 8194
1370 5977
8947 8517
7475 7088
721 3165
4643 9227
9352 8856
2167 1213
4754 2326
4433 7918
4925 3727
4656 7493
6289 6346
1970 2318
1101 9273
4593 7136
3070 2925
9374 1524
5657 9317
2879 9447
3836 547
9935 9230
2686 742
2360 2762
1617 7236
9861 9030
9680 6247
5652 2925
7048 2721
4396 6592
6475 556
6386 5600
7130 9225
9002 6724
3731 5859
3365 3491
6053 8124
5003 7229
4638 2641
4868 2864
3236 5956
1725 9156
541 4414
5556 1455
386 398
587 5795
1701 9255
5939 6509
6706 7884
8458 6131
8571 4652
5747 7529
6370 4829
7268 2562
7999 8746
7672 6883
6692 1371
1173 6232
9921 9536
6838 7725
9572 8942
4894 6472
671 6907
4392 7443
1406 5172
8390 2571
4377 1844
7814 2895
4130 6722
9067 2582
8490 8022
8918 1416
1449 7125
3267 8392
9423 7824
8659 3168
4960 6150
9095 8657
8833 3780
7716 6343
996 5209
2362 5884
479 1343
952 1641
5289 5283
5093 1261
9613 178
5452 4197
275 1277
689 5363
5338 4352
8595 4812
8097 9143
1527 3815
3544 7962
3702 7939
8156 378
3213 4214
3649 2406
6152 4101
5929 6018
9482 4794
1780 3147
2351 4951
6656 554
6791 1189
7578 9979
4351 9938
4822 3099
4305 126
4460 1494
3276 946
8822 4388
1951 6755
4116 4567
2669 5652
3923 3101
4315 4094
6989 2214
2035 8887
1029 3943
5657 6325
4088 850
3201 7879
9182 3920
407 1686
9083 2847
4170 2838
5138 5630
6375 7083
3774 61
8835 5354
4794 5020
6042 5112
4453 6273
5089 9138
5925 4814
7517 2413
1900 3113
2755 524
2102 2839
2725 1751
7727 2056
7831 2484
936 8675
8871 8356
9673 362
4821 9720
4465 4452
9993 7275
6262 8370
2345 7152
4770 4429
3220 5869
1709 4319
6518 9631
4145 5728
1380 4099
5228 9403
6191 1127
32 6453
2980 1545
5599 6441
6345 836
64 9308
3313 5583
3918 3865
108 4954
3070 5552
9142 496
4145 4107
4566 3901
2174 2779
3201 2601
1346 1746
7881 4147
5018 9069
4507 5214
5135 7379
574 5413
9653 37
7165 6408
2056 2699
8381 353
3737 7283
4006 2596
8092 2771
2606 2851
5276 1068
7096 7200
9970 7286
3569 5167
4365 1111
2690 5969
8111 5421
4465 4900
7148 5204
3637 8696
4674 9184
3942 9180
5334 9353
7804 7992
5777 2182
7959 7274
6981 5027
6284 5582
1641 5698
2815 4059
6108 8063
4670 8311
6248 8958
6257 3468
8953 212
6936 6858
3840 7962
3203 7905
1623 9980
1407 2217
6161 8879
9074 2016
5717 860
2230 3682
8203 9859
2296 6506
6313 2880
1181 1371
8327 2145
7021 7751
5393 1088
5138 4576
8824 845
7325 6763
8432 5030
2007 2571
5766 3377
813 6216
9067 1104
1480 6658
4591 9474
4184 1146
4181 2422
1658 9038
5573 7397
9861 1972
9679 9711
4510 7423
5875 7462
8408 3430
8804 585
5623 5857
15 4152
4858 1188
6877 7370
9169 5158
7974 3361
3566 9489
3708 2631
1905 6147
7177 4707
7609 9405
1349 3023
9785 8777
7574 4374
7724 7380
7861 2805
5784 2211
2248 2866
5905 6517
5295 9399
9129 8506
9033 1770
7521 7773
566 9440
3398 4410
7234 1093
5852 5570
9966 4985
9949 470
9107 7736
4619 4921
4195 7392
3576 3892
6682 5694
4831 4256
7628 7186
5323 8445
9696 5776
5494 1157
1030 8168
6488 1598
103 6232
7457 5079
2081 5289
8699 6909
4147 3786
8700 2953
3106 7441
1531 5848
3511 8509
2113 3419
6835 4380
6688 3648
995 1384
1513 2847
3520 213
9594 3111
5841 4968
3877 7656
1503 1882
4047 3455
3556 6328
6511 4692
6625 5432
7486 9029
935 7792
7201 9566
5270 208
842 3204
6350 1056
9467 4281
1610 9126
2475 2921
4675 5150
4224 6665
1356 6982
1863 3124
8322 9135
2586 2738
4332 2281
1092 9419
8354 2444
9096 4005
2986 5132
5758 9810
4699 766
2017 900
7414 7396
8546 9836
1947 2091
4651 96
9012 9909
5014 1439
8724 2508
4263 1319
5011 7057
2661 618
6640 3516
937 30
7504 6410
3810 3201
8635 8513
6717 9028
6087 2908
1481 9934
5556 3752
9020 1917
9719 5817
3865 5112
3775 2464
7172 2037
1898 7317
4426 57
2496 311
8676 2683
7164 7004
6349 16
9681 4077
5314 5788
9182 8110
7137 6462
4595 7615
4227 7363
2447 3958
9055 2328
7604 7166
5630 6667
254 2412
6591 8956
1046 5894
4296 1422
7370 1885
4635 1320
2769 7296
1041 5378
1735 9607
9262 7543
1356 3472
1229 6289
5161 4786
5917 312
423 4949
6865 4371
6072 4649
9705 2481
2378 2823
4138 3570
5544 597
6076 7445
7747 6972
9693 7620
4837 9315
8282 4296
8966 6020
5310 2130
8592 5431
3788 9496
6067 7777
7063 6900
8678 2829
6021 2525
3542 7047
9274 5831
8566 3921
330 4014
3415 2846
233 8781
5061 5482
9174 9702
5140 4819
9649 1037
124 1770
4687 5342
3419 7274
4514 4532
6120 1781
1205 4264
7103 5500
3679 7774
5862 1543
6553 8780
356 6902
941 7281
7686 4672
159 9000
2161 6771
8890 894
665 5008
4791 5008
2138 3623
4194 3436
3365 6540
9451 2571
166 4501
7933 792
6779 183
2231 5757
9494 2425
5266 169
1948 4349
201 8013
5705 7333
7067 2552
5646 4214
941 6982
5246 5863
6144 915
9796 5671
3974 5375
9464 6300
2157 7207
1275 7551
7780 8479
3114 855
5466 9129
9847 4230
4784 6341
6561 270
6737 2900
2288 6433
2393 1561
2197 2227
8405 4745
4040 6676
8025 3596
929 5320
3198 278
6528 4658
9362 9373
6692 5259
5854 4241
9251 2161
4429 1236
1010 3767
7946 666
9450 2846
5153 4476
1447 8286
582 8172
2071 3027
1390 9569
1359 6798
3333 9395
7456 5609
4518 8823
8662 2043
529 753
4502 4547
8949 4836
2593 5435
8801 5292
9758 8841
4089 3844
4142 767
105 329
7479 2091
7013 5494
5886 6350
5811 3026
7798 6660
4926 5030
8079 2738
9429 5849
7651 1359
3842 6436
588 9975
2119 8609
2919 8925
9545 1373
1782 8766
6761 8467
3854 6414
4 4243
9586 9035
647 5095
5735 5233
542 3444
1109 7590
8487 4449
7768 3576
3326 6946
7166 9801
7865 3114
1396 1993
3376 8102
967 392
7314 6138
5468 8989
6267 1147
7146 6766
118 4083
6074 1272
1935 6998
8385 3620
2935 3312
9384 834
2085 2014
4722 7438
5281 2418
6440 7099
9108 6950
7745 3007
4847 4291
9218 1210
1769 1762
6079 765
8817 4058
4982 9395
5250 904
11 2399
2852 2668
9899 7426
8622 2252
6927 9681
7506 6206
7920 2385
6326 8562
9347 2326
6738 6406
2624 2632
6618 4301
7803 451
7649 6966
396 2875
2426 1009
4027 8444
9605 803
5579 6025
1819 5507
2620 6526
2717 5350
2253 810
1218 4865
9860 7881
720 1900
2151 5277
4897 2201
889 603
970 3404
195 1834
5317 8945
5972 2587
1562 6395
4643 6665
1180 5286
3236 97
4677 9552
7801 9200
6249 6490
5579 2284
8303 8745
7179 3166
1278 7930
2089 6933
1813 2158
153 2490
5318 5195
9181 1545
2751 2832
5245 8201
5748 9086
8154 1382
8757 156
9195 5917
2779 3046
7834 7722
7484 3486
7464 2441
9702 5003
7232 4862
3619 3323
101 9967
3578 9638
4937 3519
6631 9967
3635 457
2060 7440
3481 276
5360 8485
2208 6359
1041 5308
5567 1507
5617 9690
2102 5331
6702 3806
3216 752
1618 6011
860 6106
6339 8397
8515 2026
1562 1436
4903 4503
32 9050
3222 480
942 6283
6289 2653
8483 3162
3839 8812
670 4259
7494 6010
2447 702
9312 6287
9560 2074
7782 752
1962 7654
8533 6049
8638 4391
765 7257
7998 3048
6200 5405
7300 9016
1014 1285
1264 4415
8756 9904
7667 5398
7473 9850
4690 1098
235 1217
7933 4282
977 1963
7197 3388
4228 3609
3636 827
915 9904
1156 670
6239 8308
5647 8067
8126 1340
8801 998
5801 8594
9366 179
5927 3500
57 2695
696 4406
3381 8642
4152 844
8183 2974
1115 3376
6114 70
5751 4269
6239 9156
4195 9113
4681 5560
3710 4887
2477 4850
577 2265
5383 1639
3619 5961
8825 1358
9539 1564
5333 4146
8908 9830
7481 630
4513 331
1550 5832
3974 879
1969 6366
9140 5634
3398 9467
8525 1583
794 6690
6108 8965
9612 506
8110 1104
6297 2233
8925 8442
6579 7670
1039 2360
6260 2414
2969 6090
9861 3659
4733 2994
5104 5983
4986 2712
3264 3587
199 5027
3966 1122
4587 9970
4017 3302
5267 9741
5873 2661
7609 8880
570 6372
2834 2859
3159 9105
6070 9592
9551 7
8667 9917
2227 8142
3352 3415
702 2715
309 2395
4795 4425
7635 270
5454 4290
6929 9043
4926 586
1784 3843
1137 7189
9389 7717
1487 3400
1190 7001
4025 7490
5201 1301
8883 1661
3449 863
7736 5194
5074 7915
6266 7341
4834 8932
9618 4176
2349 8275
4944 8338
8348 8407
6278 5598
9060 7303
718 2425
9461 9619
5375 1088
3892 5242
2539 6158
6199 9941
9458 886
8450 3327
1206 3349
7207 3039
3177 6266
3913 4685
1956 1833
3535 6986
8984 8012
8448 5182
7307 1001
5990 1098
8180 2430
8631 4512
7786 478
1926 7684
3737 6340
5256 6097
6836 4384
2202 1582
377 6298
6003 9846
7385 6456
8155 5416
4201 9562
2729 2706
1638 7611
4481 5859
5269 6667
6150 2362
5121 3215
4259 9802
1874 4263
5185 4980
2919 6609
1752 5074
7615 804
9535 4815
1561 3689
1020 2689
9095 8626
6068 2119
6408 4677
3142 5254
4491 7914
705 7818
1056 16
6941 6369
4430 3265
6845 1215
6659 8285
6968 3743
3495 6959
7247 1566
167 6435
6357 8868
6040 1717
4730 2510
475 5215
9519 9477
7079 2617
5444 2434
6593 654
5522 4070
4222 7503
4082 55
5831 3051
6216 7951
5094 7126
4510 5156
5710 2061
1253 6662
9292 3134
804 5316
8996 5638
3001 2168
5489 194
3944 1694
8637 6969
3032 3711
3721 7810
1524 7023
1396 8414
7873 7253
2692 8066
7553 4933
5387 9016
7577 2135
9299 1419
5555 4722
4680 1628
7300 9155
6763 3368
8674 9232
5372 5772
8504 1542
5535 7869
8752 514
8220 9446
8143 6925
2519 5103
2760 620
9853 8888
9727 4714
5050 1941
1385 605
7262 1323
6751 7269
3240 9806
4574 7975
9459 7621
6288 8130
3076 6592
9982 3128
9040 7150
9255 1848
817 7660
9515 9471
1888 2428
1368 4560
2524 412
9668 1835
2291 6307
5865 6352
4713 8217
4961 7287
7650 3890
9059 174
3717 394
9905 7713
9490 6441
3576 3232
416 2567
2422 7093
3784 6275
343 4623
4368 4607
9781 8825
1636 8082
600 2400
6153 568
1959 1625
3347 2671
8968 7575
9255 9148
8440 4632
215 9670
5476 4456
9152 7084
7326 8040
925 9615
4549 8723
6479 6143
830 8949
6054 6182
5726 1690
9298 3676
9499 731
2779 3211
9541 1272
7255 9547
7744 1500
1115 7431
7472 5507
2562 2372
9120 2602
9710 6000
8566 3606
9507 133
6995 4477
6623 1049
1673 567
2776 5505
4305 4973
648 2654
6291 933
1889 4281
2838 6797
3362 5908
8666 211
9355 5612
1183 5440
7729 7289
3238 1161
6493 7955
6647 6468
2562 1249
2481 4750
9453 4180
1346 5557
3956 9906
8138 2992
90 7516
4897 9057
8635 4360
9118 7335
1358 1222
3083 7143
1729 2848
4550 8661
6001 5463
3328 5422
4295 5689
4711 8135
6320 735
2077 3326
9563 1223
5819 2366
9507 5469
7288 9281
8528 9467
1841 9023
6192 6875
8579 8175
1478 5639
7540 4566
3584 6442
1541 7003
5902 9498
7367 3355
1960 7585
2267 7689
2329 1434
7956 9227
1713 5549
9888 8275
1372 6763
3312 2379
5116 9903
7888 2770
6213 5569
5920 2082
3322 9858
4084 8580
3635 673
5962 3899
6356 2331
5720 8088
8699 100
5463 973
2378 8013
3870 1252
6884 7433
4552 5540
5440 6019
8495 6076
6381 4461
2732 6296
1667 4292
1510 4234
3949 7393
6114 5397
3564 7215
2828 1862
2181 2215
2700 8208
4346 4221
9901 9547
6010 4626
396 7314
5280 3178
5089 3808
3137 9696
3301 7428
5164 4742
1133 6121
116 8483
5918 7573
3975 9250
1367 1707
7810 2486
9216 5940
6694 4816
762 3342
7643 5918
2966 1423
4650 685
7431 9130
3457 4849
4492 1582
8286 9836
7261 9462
1662 2730
5566 6788
8892 7929
32 9021
338 7951
127 4272
968 4702
7944 6273
9207 5378
7187 4192
5086 9110
229 7045
955 7974
2494 1419
5414 2072
6186 7694
2874 2040
6149 1933
8653 3976
362 3047
2759 5183
3014 4695
3477 9689
8087 5358
3044 5975
4746 425
437 2987
7065 7724
5484 6506
5837 7602
9404 3649
9029 3352
5341 7194
4782 8167
2000 2000
7139 4680
1671 6880
5331 8125
2558 8512
9879 6864
3162 871
8681 6122
6478 3530
8505 8619
9160 8084
125 7933
8924 9521
2233 1631
3640 6035
5311 4106
2607 8691
3206 2877
4904 7706
6015 5316
2893 2536
9406 6498
6562 8111
7570 2490
3740 5802
3956 4376
2643 2469
7049 3141
1133 6510
8129 3344
5140 4798
9693 7136
9631 7375
3815 7760
4654 3203
6235 769
2970 6257
1739 3881
9516 3113
604 702
2673 3068
3218 5799
1806 8931
838 7317
3798 5917
483 2590
8205 63
4692 6172
777 8438
5623 5063
4896 5478
8737 2631
92 6385
406 1689
558 7382
8698 6452
5942 5172
1772 9270
255 1401
8952 5263
8794 2009
4878 5118
4063 3721
44 9485
8147 3386
4932 5598
7386 4181
6349 780
2144 274
4246 6342
5039 4198
104 402
2588 8144
4571 206
970 7049
7342 7554
7281 7921
4909 4777
689 5524
1993 7705
2703 8752
3886 4982
6386 150
5044 9577
1685 8075
1202 4600
6785 8607
1927 2337
1532 5226
45 7856
2613 9098
9525 531
9437 7871
4082 2980
1099 7344
8595 2637
1982 7216
6352 9414
6832 8988
8049 1408
192 5111
7412 771
4783 7133
8602 9191
2316 9290
6265 5461
2568 8056
452 915
4865 2942
5377 9630
1249 2834
2630 6679
290 5
5437 3633
1698 3500
5839 9794
9568 6861
7293 5964
6651 7550
6738 6094
2520 4948
316 9030
6777 328
5858 8739
263 9334
5551 9093
1995 7426
5548 8100
3771 5448
1232 7369
3823 8468
9226 8146
7225 7966
4863 2523
3950 7971
7068 5764
2946 9805
2960 1025
784 7951
4380 9649
9516 6885
9618 5297
1947 7252
5164 9042
3751 4047
6238 7142
9250 5475
3577 8428
1725 6062
4206 4163
5690 7685
9766 3853
8281 9012
1812 7841
7906 1920
6344 1104
8673 6995
8482 8522
1587 5855
122 9650
5430 3142
2682 8640
7500 3643
3971 8703
2736 7985
2047 5158
7699 7451
7008 1654
7205 2569
8225 7885
4330 6470
347 9877
7888 8734
9728 6832
6104 1185
8505 560
6808 4046
5762 7674
6733 9617
3588 1010
2349 658
9873 9126
6747 8983
5534 724
5749 5189
9280 2981
1727 9148
1891 3322
5982 1734
1041 6565
7048 2242
3535 7401
1541 5789
7589 301
924 6638
4380 6641
6861 4174
744 1221
4200 6684
5414 8151
2904 7868
209 4343
4277 9550
7663 7423
478 1434
1302 1891
3732 2665
8934 4612
2388 8613
9071 1415
5768 1319
5937 5493
3397 9581
3229 296
4560 34
3690 8919
7047 2952
6291 4286
2975 2494
592 9818
6581 8839
1495 1718
9717 2580
4186 6358
6547 5154
4474 6448
8734 3655
9137 8148
5972 5042
3632 3677
7124 7607
9044 9579
1699 646
5632 5513
1790 6247
5443 7663
8133 3556
8461 2852
2663 4376
3823 8122
4406 3471
5072 4373
6285 2040
1149 2779
7750 8600
6234 758
6123 7141
1369 3359
9239 5680
2092 8808
5351 8321
8318 5594
447 3454
7892 1489
8509 7161
6353 8708
2830 5486
7438 6501
7728 9710
7518 3830
9942 6423
9419 1174
206 8226
2238 495
3461 9124
9082 7302
2230 3686
1816 3293
5215 4375
2377 1248
3692 8335
3845 3697
4533 1624
8916 4940
7549 9802
9360 9121
5111 8625
6554 3534
6307 9382
4919 5191
1618 8045
9537 9022
1420 5845
1756 3775
497 2706
6895 2976
9743 4830
6040 3322
420 4813
3567 1500
3672 135
8498 3328
3384 7756
5379 8740
8053 2750
4570 4362
1258 7124
1015 5964
3108 3560
3971 5611
7374 1010
7709 9597
628 1427
6888 3281
8275 7481
1058 7246
315 6197
554 3969
6242 7447
6649 4623
9288 8055
2443 8038
3694 890
6333 3137
887 8754
4804 4034
7214 664
8751 2219
7353 9284
7633 9381
3292 8923
2968 5781
4906 1613
7505 1082
8047 9230
7426 6526
2912 9680
2195 1743
5125 7305
9763 6290
498 6985
9059 759
7121 897
7569 3601
6799 3495
6679 2705
6073 4926
6544 802
2785 2171
8227 8662
6241 3518
5894 8824
5187 4926
2000 6528
4180 7923
4900 2383
6496 1783
6387 7293
5766 7387
1171 828
2817 2374
9808 5116
3715 3652
805 9194
2904 1883
1021 5127
60 7758
1365 2559
540 9530
2905 849
8784 1420
4972 9272
8861 5156
1621 3190
6844 1944
9211 6081
2329 7389
3940 4793
8332 6496
707 2627
6945 4510
7464 7045
2649 2823
3033 6540
7622 5120
9544 3139
9959 5996
2422 2228
9641 4828
2332 7359
6802 4439
7584 6931
3868 9107
6534 1296
7723 3136
1886 1043
6630 5329
4061 4731
1542 2901
6236 7654
2734 5817
7483 4287
9825 7008
423 5957
8092 6309
3842 9133
3868 6317
617 7392
3441 8912
2210 3418
2463 2863
6360 5722
8881 3265
8537 1262
2801 9197
4349 445
7104 3976
9822 6289
4119 409
1700 4138
3908 8223
1114 5893
1270 4587
5695 816
8247 8650
2756 8697
5286 9309
5776 8648
9017 7270
3934 5994
7133 6440
7290 9856
2984 877
2177 8224
1996 594
1161 1372
559 8544
6081 200
6513 5281
5388 7520
3442 3578
2131 3126
4699 9477
4760 6825
7360 8902
1665 7012
4218 6646
2459 8076
6225 2719
1655 7240
7242 5224
5618 3102
6591 4320
9273 754
4979 9285
4851 3849
5360 10000
7327 810
1303 7725
3748 6689
1889 9405
9180 9133
1194 3308
5107 1616
9603 8006
2974 9518
8419 974
8214 8984
5773 7859
1997 8877
1873 7988
8938 6256
8072 2520
6424 5962
4467 2288
3104 55
4759 2444
7901 6324
7885 929
3363 8779
2112 1543
2518 9556
3610 9244
9961 6362
8384 7743
4450 6974
2437 6472
9415 4125
1780 7302
8366 5456
3456 1799
1468 2834
3573 7897
6809 2738
6656 4302
1883 5123
5979 8192
9768 9936
1807 8899
9589 906
913 9410
6533 924
1609 7230
577 8145
9021 5833
6585 1008
6303 1596
5396 2785
7509 5893
1975 667
957 7982
4162 3068
1536 5256
4573 49
9683 1318
7047 7118
7587 8699
2773 3599
2937 2712
3947 651
9295 1104
4933 1775
8538 2485
55 7729
8603 4232
5638 2719
9272 4656
5291 3881
4511 6064
8546 4952
5266 938
8768 8137
2963 1374
6655 3988
5804 6820
6883 7710
5855 1557
7785 8375
1324 747
8797 7050
238 6140
5771 8127
8385 6662
9788 3783
6518 6588
5200 4866
8175 7517
2978 3004
2613 6489
7946 1407
548 5474
8022 2913
8389 9979
8980 1620
3892 17
5765 4387
540 5498
9027 356
6792 1442
7998 1152
6964 9869
7461 5905
1033 630
3245 9109
7238 1418
1250 5480
7767 8173
1479 9269
4525 3271
4768 4782
9485 9895
2181 8074
7490 9164
3862 9500
4578 2168
4758 258
8764 46
8236 7068
6135 1989
5460 7258
2102 1320
6287 9123
4426 9063
8450 9758
3151 3727
7833 5457
9828 7988
5239 1697
9089 5271
5106 3651
5471 1727
178 9053
1263 6136
12 757
825 8717
882 5464
2529 7586
1990 6681
4438 586
7322 1972
7732 1636
5584 3114
1557 9152
8839 5599
5359 7010
6025 7861
532 8421
2055 832
1741 6491
403 6275
4694 5279
7251 8126
5565 8947
5860 8317
913 7543
6936 7493
1978 9699
2037 9470
9845 7613
2845 5756
8832 1828
4777 7115
1417 8189
1973 1574
829 1064
8841 9583
6108 3222
4918 7197
1326 5172
4667 1848
5865 5432
3492 5418
8210 3327
7326 7353
1921 2257
3499 4307
5093 4774
2925 1491
5479 5721
7856 2865
5759 1424
9016 5407
8964 2948
8454 5415
9014 7730
7831 5536
1480 162
5297 5096
684 3622
7308 2269
7711 3110
7182 8256
4907 9632
5440 2358
3349 284
8742 2934
9720 8187
4546 393
1208 5564
2107 8963
9718 9328
9951 5635
8902 7315
1605 64
2419 3212
266 8847
8950 1489
2238 6386
202 4350
4153 4943
2605 1229
5706 5829
3514 6065
9803 9069
8287 4281
3068 4662
4656 1312
2052 6348
1119 901
7296 4812
5487 3770
493 3393
2650 3774
2444 8104
82 8434
5597 7752
6720 8974
2135 7870
5650 168
9152 3905
3580 1421
2672 8459
6278 9112
9544 6484
6787 6482
3693 7520
4076 2765
4871 4536
8553 2500
3485 2438
4733 6929
2574 5476
1118 3374
6111 4915
3378 2446
8609 6518
4710 6125
2128 5557
3426 5173
3152 840
6693 363
2970 4863
4522 6815
8491 3089
6911 9235
1421 3423
6478 8489
5585 910
103 650
4091 5559
3255 460
3519 2780
7801 9510
763 4051
4133 8430
50 4623
7569 1787
665 2105
6918 3347
6190 9757
7167 7673
9282 7994
1979 7366
8420 7425
2191 448
6701 8057
7965 123
7607 7627
7667 3518
1995 5674
102 1214
7895 4993
4454 4201
9546 3477
5603 5983
3513 6121
4381 4405
5696 961
3000 7757
5026 2690
3337 8027
3364 8710
2798 7858
87 3419
7723 7790
2787 1208
9866 5525
8442 5653
7007 2812
3651 9976
2535 2207
7043 1308
9213 2540
1171 2258
1272 3513
4234 9193
3240 2836
9471 5122
6984 2879
5509 4382
1596 7096
6136 5583
2638 2068
8817 2427
5132 634
6239 9014
8535 7758
6667 2946
8557 9736
486 3522
7735 9119
715 8897
1940 818
9233 3135
3047 6521
783 108
8168 9210
9229 8113
4947 3766
800 9491
3369 5102
9919 9579
4285 7820
3278 4329
289 4207
2365 3840
9697 5037
5320 5030
5984 6622
4266 9208
5930 4477
7240 7156
4588 5660
2359 9118
38 7284
8149 7296
9405 7732
9219 9130
9157 8819
8008 6040
8350 8937
9793 7456
7565 8600
641 4338
7030 4578
7368 9770
2851 6153
6895 3623
830 3557
5264 2379
7228 3407
1028 5488
6235 6933
2974 5173
9772 3211
1857 7
5181 5254
9362 2338
5729 3521
111 9747
1872 3098
7697 6292
8207 2361
7246 5366
8019 4583
7168 2163
2935 2254
828 3044
8440 2883
9944 8832
6718 2161
6944 9677
2682 9365
6322 7311
6011 4242
7494 7310
8005 8598
9621 4473
6609 6822
8659 8212
8042 2613
8592 9346
7123 8341
3412 2685
7110 2968
3400 2389
6167 8703
1273 8541
8353 644
5673 8489
682 5024
8290 8981
7036 7261
8777 7913
2519 8842
2451 2545
7196 86
2372 7784
9912 1128
498 9465
2146 935
2323 8632
7094 6427
2942 9218
5534 6325
4634 2806
8332 5381
6977 7429
308 5054
7590 2198
2112 8382
1301 389
7561 9671
7103 1841
518 4191
8559 7033
2549 8249
5507 8393
7900 8517
8974 1241
5063 8892
9610 9052
9516 7973
9756 5409
161 4105
741 7148
2644 6396
783 1484
2659 4421
8858 5836
616 5325
8068 5063
5951 3931
5786 7648
9826 9967
7011 71
4706 4924
1834 1208
5263 9521
6357 9529
8622 7867
5191 39
2178 2151
3249 3773
8842 70
3730 5235
9917 6955
7690 6451
8010 6021
3789 6795
3881 6575
3599 7732
3178 2224
112 3279
3221 7193
3329 93
1660 1436
3729 7821
2981 6471
497 6760
349 2149
358 7188
670 7386
4023 9705
1034 6330
8676 5700
4995 9458
6440 5183
1240 365
8954 1588
5043 8992
4046 5834
865 8758
3429 1023
1153 2181
1589 512
6990 7316
1629 6165
1440 6478
5363 9816
9367 9515
1033 35
8506 3935
3043 9133
6701 5970
1284 1531
9867 9794
1633 6864
4127 7312
5318 2377
3187 7852
9870 2104
1488 2354
7349 1243
9706 5822
1254 2583
1823 6932
258 6270
4700 4357
1076 8637
8935 4796
3298 5775
169 7139
7994 7628
8231 805
6735 94
8660 9081
2054 1144
4948 3212
5486 6216
9916 5226
7403 8237
319 4759
9596 6957
5390 8812
2102 2296
3471 9439
6530 7995
8109 4737
5010 8260
1687 7913
7540 6467
268 5901
2090 6640
8159 3185
7437 4386
8728 8691
8312 3919
4541 510
5817 4087
6917 4726
5709 9218
8415 5862
1194 7691
2087 3430
3537 3878
4764 514
2077 2437
6775 5372
2791 8680
8445 2996
827 8524
6479 3805
3509 6315
8247 2841
8901 1281
98 2243
300 8617
1210 1206
8135 5544
600 6269
4746 978
5214 2875
753 5733
8393 9714
9219 6785
3662 2565
290 8765
8320 2467
6408 4474
1730 7169
8599 7256
2953 3793
5612 6657
7228 5254
3405 9576
8234 8991
1521 2416
5225 2492
6988 9006
1760 1452
7409 2287
4846 1513
3827 7725
8609 1676
9134 8408
4403 1151
3717 3068
1661 4398
4729 8491
4583 5149
3741 5513
3905 8246
161 6208
9716 5596
3378 8247
666 1211
2598 8183
9252 4766
9103 4045
5858 1230
6796 1752
5159 6208
5411 9315
3240 1456
3189 6921
6840 6348
4415 3072
2113 435
2097 8532
2749 6059
7440 9970
3614 2213
5957 6706
3905 7222
4992 2981
2546 1976
5772 3273
2209 9888
1382 4549
5062 7074
5913 1815
1560 5473
8768 9783
6103 1372
1185 9817
6509 1249
6296 2819
2883 5050
210 112
5136 2787
6304 473
6750 3517
4374 7906
9057 9795
7037 1969
521 9112
7477 1983
7043 590
8467 108
195 7086
9116 3188
7754 482
5018 4589
7805 1235
3444 916
5274 7090
6375 8625
9171 4662
2612 2816
7910 3650
6282 905
8316 4396
3722 809
4499 6303
1058 1086
7391 7523
4751 5218
3074 6202
6223 2701
294 7896
8879 2756
6724 9290
6799 3659
1890 525
9701 1428
4498 9932
7550 2095
2494 1228
2851 756
6527 8937
6914 8276
2115 4056
1000 7488
4091 361
3233 1400
3312 5284
2990 9096
6155 1916
4154 2865
7535 8052
434 130
5570 438
8333 9765
8040 4765
4605 680
5773 2638
2937 9513
7853 3667
1700 7826
7912 3068
4403 6943
8420 8379
3121 6790
3156 5426
4855 3941
6634 7396
4903 1370
8211 7056
9667 4875
9272 4694
2889 4920
4575 3349
6539 6560
1841 7150
6757 8634
4422 5174
8973 4447
7259 4172
2442 5211
74 7520
6913 2097
6430 7428
3871 4917
2927 5247
9299 3687
7307 7125
9824 2449
5935 4442
7022 2265
5364 2778
1206 4345
5255 8998
6310 5707
4157 4726
5067 2101
2171 6166
6118 9648
5196 2021
6589 9674
5616 8617
6633 1601
8789 6067
4864 677
9828 2595
8921 8161
4471 4475
345 5701
565 7848
5175 608
627 6837
3787 6946
8093 2186
6632 6211
3874 1912
4415 6724
4016 9080
7785 2993
889 7751
7877 5588
2830 9790
4630 9186
4376 419
9765 753
9696 1080
776 16
8952 9577
4090 2148
3861 9252
6268 5630
6651 4515
340 8924
7540 3612
6478 2236
9820 1764
3320 3390
3211 1353
846 8381
5870 2404
8969 2942
4657 728
2713 1558
2784 9085
6544 1272
4461 8409
7423 7530
1467 9428
8031 6858
2548 483
4157 978
7648 8642
1925 7354
1090 8527
7136 2530
9167 4530
7614 1651
9754 9496
6146 7527
5042 8707
414 7944
5871 7126
8975 6875
6067 6446
3199 9679
990 4867
6890 964
2059 6958
5468 1000
4428 4862
775 3826
2338 3701
2789 4488
2779 2080
2212 3986
9890 2375
3600 6620
4742 8647
4038 7184
3304 6303
2131 7574
7004 7954
9878 1161
8688 8249
2217 5545
2106 5425
2558 3315
6497 8836
8629 5964
276 7923
9912 7436
9473 508
4548 795
5261 6724
9897 3035
7135 7153
671 1259
36 5447
876 5272
831 56
6843 8150
3923 5430
6018 8630
9685 221
4486 7376
7886 537
3827 1141
3191 6010
9401 2717
4315 4397
2515 2166
9403 4269
7553 286
8851 3729
491 1132
1393 9555
1999 962
1448 4462
3521 5698
4856 6371
4982 3502
3749 98
2211 9879
9833 5592
103 4750
2994 3719
3543 9596
2212 7847
6515 9712
6036 4219
7556 3222
7386 7036
8923 5845
3479 787
9008 2315
3373 431
5358 3728
8180 635
5522 117
9645 5975
1239 9305
785 9095
3941 7666
2384 5435
2844 7466
6959 3790
4681 495
2149 4651
6558 9259
1386 5452
8760 5482
6855 2470
6311 3524
4302 6504
6799 9481
7703 7664
631 9642
5558 5759
5572 5447
2096 183
8650 2448
8121 7902
7029 1416
4449 2611
73 4022
1387 9637
5382 6637
5881 2992
7700 839
4843 9958
44 5261
3281 9473
3924 593
443 13
8115 3574
5391 7890
1139 2147
5040 2261
4272 3941
3516 692
9579 4583
5814 6264
8466 1529
1470 899
2290 6349
6049 9209
5113 9426
7389 3588
6988 1022
8338 3743
4875 5252
5988 5974
3681 7245
7343 2247
2655 2996
56 5225
1742 4364
4547 8119
5842 90
9933 7747
3482 5444
7497 142
200 7804
4978 2063
271 6921
7765 8851
3369 6293
5130 9017
1896 3482
5843 6751
6331 1805
1021 8641
9588 4748
6782 3096
99 9286
7540 1973
817 3512
7777 1255
8161 9100
8402 2311
7201 1370
6751 5484
7495 9654
1523 5801
4269 468
7036 9618
1315 7592
5326 8089
6408 211
5918 5785
7145 3876
9618 4811
8755 7631
2115 8131
4562 2081
5900 4690
7318 4461
4376 2370
5110 7463
7295 5316
8091 2631
7959 6594
1916 1025
5241 2237
3441 4474
9078 2639
6357 5607
2876 2581
6750 73
8888 6014
2432 6985
7190 2565
1208 9576
2816 7304
6004 5904
6381 208
9736 8489
2096 2892
8768 1359
3469 844
3848 720
1198 3192
3233 4262
3341 2437
782 1647
2626 4630
3839 4736
3865 2810
8137 84
113 7164
1050 146
4372 8181
9493 8131
8758 8265
3834 8446
6776 4888
5373 555
2125 94
5858 8347
2198 2800
1110 6484
6977 2228
8700 9194
952 6711
8748 2087
8524 4201
4028 3272
9542 3686
3399 8480
3926 1814
8596 660
7273 6826
9612 8759
3103 8342
2805 8981
1723 4513
1547 9003
7991 4031
1287 8815
834 1117
920 9835
9448 15
7323 6685
155 6360
9989 4835
2417 4620
690 6261
4237 7982
4988 327
8856 4407
3858 5988
422 9064
5294 9576
7386 6713
1786 1885
4577 3855
3263 5696
3311 7135
1795 6711
4331 1140
8093 9300
4958 7759
6323 6049
2330 6629
7850 3042
8617 3043
2265 8083
4745 1432
527 7593
739 1296
3576 9310
2157 3545
2006 9657
697 7069
1474 1407
6152 6532
3082 5926
1151 5978
1499 4364
2859 9664
9310 2189
4983 2649
8587 5681
2489 4176
6148 8780
4275 3409
6663 2891
4116 9852
8558 7329
7312 1867
3838 3490
6601 6597
2485 1676
5443 551
4547 7348
2968 7926
3725 8150
8503 7926
8451 809
5622 3386
2223 5053
1507 4940
2771 8064
3322 9877
1970 4632
3806 4459
1186 6726
9006 947
3035 590
1573 5068
6546 4569
253 4044
2835 139
2758 7212
2316 5080
9961 3572
9048 9411
5175 3301
5544 4556
4025 5076
6255 1293
1525 2976
7409 66
4041 400
1852 1868
792 4768
4801 4130
9685 7289
6301 9486
628 6094
5135 9341
9178 6453
9639 4329
8228 7485
4129 5545
8177 1790
6015 1923
1611 4679
4877 9432
2619 4262
8808 3803
6425 3886
9527 4649
9809 6575
2864 5660
7695 7280
1297 2882
7168 2016
2419 3638
8797 2894
7950 1275
4615 9366
7873 3360
9108 1795
3069 4004
1584 8827
4295 6234
1993 9461
2132 1709
9983 3889
7015 1783
4316 3661
2520 3288
8487 9565
9082 313
2666 2093
237 2159
8708 5699
3433 714
5622 3223
7088 5696
1045 1604
5100 7037
9211 1207
7434 8204
9570 2773
8456 182
9798 9502
9037 8754
5194 4703
7460 5895
2899 1935
5187 7070
7866 8352
1704 1051
1794 8607
6189 9378
2387 3494
9101 2382
2474 2167
3046 3738
1488 1624
8587 5345
1645 4248
7910 5234
2017 4758
7878 8942
5344 4961
8431 3667
7977 2251
4324 7472
1894 3136
2241 6236
575 6285
9261 5646
5937 4371
916 8604
6852 6782
2360 2364
8474 7868
1546 223
5315 8220
2666 6170
4481 5036
8211 517
5978 1366
6145 7601
7257 5595
519 5723
5269 3612
5450 8400
7971 2012
917 4151
329 6901
6984 8015
4772 7267
5028 6331
6747 7221
2807 4390
2696 2616
4865 1555
3580 7579
337 1687
6703 8527
9667 6747
9730 6635
4455 796
5264 6799
4051 9407
8213 1200
9261 7564
4968 876
7245 9553
3995 2972
1341 7265
8840 7389
4431 1135
1780 953
3079 6863
8363 8157
9879 3432
9605 6171
6164 6163
4422 4583
4386 1792
8360 5389
6868 6415
7166 3872
4172 7452
6230 688
4142 6968
6442 901
9636 140
6674 7588
3433 1498
8514 2066
5641 559
5732 160
4845 2708
5256 5491
4346 4228
1839 696
2007 9815
4390 8612
5903 2628
9506 7464
7027 6505
7435 9960
3933 2243
8829 284
7602 9812
2632 9366
4415 7825
5244 9640
3643 5714
8638 2544
2835 1220
8469 8294
4334 1201
2981 2245
2077 774
1422 9315
439 282
205 4192
8114 864
2667 2209
994 6910
1626 6187
806 5171
5914 4752
7874 9750
7466 7822
9864 2480
5395 4548
3640 2589
8389 6456
8660 3260
8608 6850
8767 9772
2021 6793
39 9420
9074 3479
7798 245
1193 5607
1359 4178
1255 9543
5614 2605
7384 9803
5550 8507
6873 5771
8795 8061
8234 3478
1089 7028
6511 4576
2874 3656
3947 4755
9144 4611
4738 6983
8214 6558
7976 5978
4211 9002
9752 9306
2098 8197
4986 6371
4803 5211
1498 4771
4477 8930
2891 8319
8010 2004
3363 3449
2966 7929
3051 6324
3705 9489
3488 4098
2448 2001
8262 6294
1627 7367
1760 3983
9113 6731
6927 4152
1460 6350
1752 7568
5109 5966
6830 2262
775 5886
8538 2392
8980 5197
5666 4436
2398 5499
9278 4973
6154 2813
1573 8875
7607 3869
2958 3728
5469 1325
5521 4859
5343 7188
6706 8930
555 2764
5992 6325
1370 8544
6726 9931
5672 2359
1151 7677
9029 9578
5153 6466
5885 1323
2483 1369
277 3058
5918 1280
1177 552
9063 7358
6087 1147
9361 1082
337 7096
8519 6829
5393 4066
1514 6999
3530 9082
2703 4690
6949 8768
1253 3944
289 8051
7240 5424
1233 801
7067 6704
7343 1158
2987 3565
2191 1769
1342 9052
3692 1451
5005 5343
4783 5971
1169 7502
6827 8698
9594 1020
7511 9243
296 6167
3122 1508
6805 4670
5433 760
5386 9388
2681 9711
2278 7284
9038 9768
2928 1341
4787 294
3892 4975
5447 5613
496 9359
3824 3607
1559 1005
7483 9041
1135 5000
3370 7106
3388 9093
4806 9653
1562 9636
8466 8409
3306 2731
8685 2749
323 4584
3133 7749
5420 3368
4550 8335
7723 3407
5243 8139
2928 6956
7778 468
1032 5974
7771 4195
4475 4202
9370 3178
9711 3900
5719 1438
9242 9848
3872 9744
5762 5337
9077 913
9860 1111
2126 377
4992 8424
2183 9867
4468 6869
5847 6439
8898 9616
8157 1829
1173 8447
7920 5863
8557 5736
5834 4666
7981 1587
4835 8173
6265 4404
4257 640
4828 671
6460 7439
9636 7290
1725 9516
6355 7311
4765 6034
3776 6007
6914 1414
7718 2040
2483 9197
2041 7249
4702 8602
2275 7433
4356 5283
8112 1555
8605 4490
6613 3220
9290 2630
5029 8157
8143 4050
1913 9000
3461 2872
9191 4181
3283 9842
7952 8496
740 6018
7872 4035
4267 3695
4538 7072
7254 4473
2420 6866
9081 2633
5708 3692
7959 8271
9761 4842
1616 2216
6761 7189
3868 9184
9144 4495
7057 2526
92 3338
928 753
4207 8409
1740 566
2168 5367
2169 3453
1812 6529
5157 935
1400 9690
1057 5181
2728 7986
2643 7484
7393 9074
9058 509
9327 2931
496 4764
7558 970
521 7605
848 6903
9967 7348
3177 100
927 1315
7736 256
4253 1647
2496 5001
5910 4997
2158 2051
6881 5924
7801 7915
8259 8994
2320 4031
9137 8319
6475 1609
8626 2411
6107 7564
9962 6443
7235 7592
9590 4769
7415 8834
519 6500
9379 2175
9198 1418
6183 7203
2899 3994
6447 6923
1551 4275
3183 92
4987 4924
7389 3722
1147 4060
3273 7322
2237 3787
9519 3507
2961 3932
2166 352
2126 2346
2447 8424
