256
0.12 9.21
3.85 0.98
7.24 6.15
1.43 7.84
2.66 8.17
4.92 1.54
5.61 4.42
7.98 2.34
6.71 9.64
0.58 5.73
3.62 4.11
7.47 1.72
8.96 3.67
1.92 9.40
4.68 6.21
0.73 2.40
9.19 8.82
5.47 7.32
2.21 0.83
8.73 1.28
7.01 4.58
3.90 9.22
6.54 2.16
5.14 0.78
8.52 7.03
1.67 6.66
4.33 3.79
9.08 5.25
7.37 8.11
2.79 4.45
5.80 9.02
0.90 1.59
8.18 6.87
3.06 7.49
6.21 2.99
9.45 4.12
7.64 3.43
1.20 5.68
4.57 2.27
8.42 9.94
2.10 6.58
5.79 8.73
0.94 4.68
9.88 1.32
3.53 7.27
6.42 5.88
1.76 3.91
4.78 0.90
7.99 2.65
8.03 4.72
2.41 5.50
9.04 6.29
6.89 1.97
3.76 8.56
5.15 7.64
0.52 9.84
8.71 0.26
1.34 4.81
7.15 5.93
3.20 6.45
9.73 2.80
4.64 7.22
8.09 1.63
2.82 8.23
6.36 3.51
7.48 9.40
1.96 0.76
5.23 2.43
9.55 6.67
4.09 8.52
8.31 7.84
3.44 1.75
0.81 5.95
6.17 2.66
7.89 4.83
1.41 8.14
5.97 3.22
8.28 6.34
2.77 9.09
4.52 1.19
9.32 7.46
3.89 0.88
6.04 5.51
7.61 8.27
0.23 4.58
8.95 1.40
2.68 3.33
5.08 7.69
9.41 6.78
3.07 2.07
6.83 4.90
1.92 5.80
8.46 9.01
4.15 2.15
7.90 3.76
0.99 8.85
6.29 1.88
2.55 7.16
9.22 4.59
5.86 6.71
1.59 0.94
8.66 3.54
7.38 2.42
4.82 5.13
0.47 9.79
9.13 8.01
2.61 4.28
6.52 1.65
7.29 6.88
5.04 3.11
8.87 2.01
1.90 7.27
4.44 9.50
9.03 5.14
3.78 6.22
8.19 0.58
7.05 4.67
2.40 9.06
6.90 1.30
5.59 8.02
1.85 2.95
9.36 7.83
4.77 3.90
8.23 1.78
3.96 6.41
0.67 4.72
7.42 9.11
5.26 2.34
8.30 6.23
1.46 8.97
4.87 0.89
9.00 5.79
2.93 3.85
6.74 1.67
7.82 9.43
0.53 8.15
5.32 7.50
9.71 2.50
4.18 6.32
8.86 3.20
1.72 0.49
7.22 4.03
5.98 9.10
2.63 8.27
9.21 6.65
3.45 1.38
8.05 7.52
4.92 2.90
6.48 5.94
1.84 9.57
7.35 3.19
5.67 8.25
2.88 0.92
9.18 6.80
4.60 7.94
8.07 1.05
3.26 2.76
7.12 5.88
0.77 9.42
6.08 4.24
1.65 7.99
9.85 3.67
4.35 6.68
8.24 0.72
3.68 5.53
7.67 2.95
2.47 8.84
6.40 9.27
5.92 1.71
8.40 4.45
1.78 3.02
9.67 6.93
4.09 7.11
7.31 2.12
5.51 8.88
2.96 0.83
8.50 3.97
1.31 6.75
4.22 5.47
9.54 2.44
7.80 1.98
3.55 8.09
0.84 9.20
6.59 4.86
2.07 7.61
9.76 0.92
5.29 6.34
4.53 8.71
7.10 3.64
8.16 2.26
1.43 9.88
6.95 5.43
2.34 0.61
9.49 7.19
3.91 6.87
4.08 2.11
7.92 8.45
0.84 1.73
8.93 4.53
5.67 9.07
2.56 3.49
9.67 6.02
4.41 5.24
7.30 2.63
1.67 8.93
6.84 9.14
3.24 7.71
5.30 1.44
8.77 2.37
9.12 0.63
4.27 8.04
2.48 5.90
7.68 3.11
1.25 6.77
5.54 7.85
9.37 4.98
8.45 2.70
4.61 1.54
7.25 9.36
3.62 6.68
0.56 8.77
9.28 5.41
2.87 7.39
8.18 0.50
5.73 4.08
1.90 3.94
7.54 6.81
3.14 9.76
6.22 2.84
4.98 5.82
8.02 9.19
2.47 0.99
7.85 1.22
5.09 6.32
9.52 3.77
1.62 8.41
8.78 2.61
4.26 7.55
3.11 0.77
9.31 6.25
5.66 8.92
2.89 4.01
6.40 1.82
8.94 5.90
4.78 3.45
1.53 9.09
7.16 2.51
5.13 8.62
3.20 6.15
9.88 0.56
4.67 7.02
8.61 2.84
1.77 5.31
7.29 9.67
5.81 3.54
9.04 6.46
2.23 4.72
8.25 1.12
6.96 7.87
3.90 8.40
5.20 0.83
9.50 6.12
2.54 7.95
8.88 4.26
1.20 5.09
7.17 9.32
4.84 2.93
6.29 8.50
3.21 1.36
5.98 0.77
9.41 7.25
2.76 4.41
8.30 6.91
1.98 3.75
7.42 0.99
5.53 9.16
4.31 8.64
3.77 2.82
9.56 1.09
8.44 5.68
6.93 3.28
2.64 7.72
5.49 8.81
0.99 4.21
9.88 6.42
3.89 1.85
7.51 5.17
2.37 9.02
8.05 4.71
4.86 6.98
1.53 3.94
9.16 7.12
5.27 8.46
2.88 0.93
6.51 5.79
3.24 4.61
8.77 1.66
7.92 6.23
4.18 2.50
9.25 8.88
5.84 7.63
1.78 9.14
3.45 6.92
8.43 0.77
2.51 5.24
9.84 3.16
6.79 7.94
4.22 8.77
7.36 2.31
1.97 0.89
5.88 6.43
8.26 4.02
3.77 9.10
2.19 8.91
9.31 1.57
5.04 7.28
4.86 2.93
8.91 0.45
7.53 5.12
3.63 6.83
1.82 4.74
9.14 2.16
