256
0.23 9.88
1.35 4.72
2.76 8.14
3.65 1.89
4.91 7.03
5.12 0.46
6.47 3.78
7.83 5.22
8.29 2.37
9.14 6.54
0.54 7.95
1.82 3.64
2.65 8.79
3.99 1.28
4.27 6.10
5.56 2.71
6.78 0.92
7.21 4.63
8.44 7.87
9.35 5.29
0.76 9.21
1.49 2.98
2.81 4.77
3.50 8.21
4.14 7.50
5.79 1.67
6.65 3.86
7.94 6.02
8.27 0.34
9.12 5.46
0.62 4.39
1.93 8.86
2.49 3.15
3.77 7.20
4.53 6.37
5.68 2.22
6.80 8.47
7.29 1.97
8.55 4.66
9.83 0.85
0.77 9.06
1.68 5.48
2.37 7.92
3.94 2.65
4.78 6.01
5.93 8.80
6.41 3.17
7.22 0.77
8.15 4.23
9.56 1.32
0.84 5.21
1.79 8.45
2.62 4.58
3.83 7.11
4.96 2.79
5.71 9.38
6.29 6.82
7.43 1.64
8.39 3.95
9.04 8.21
0.95 2.84
1.61 7.35
2.74 4.13
3.87 8.62
4.66 5.71
5.48 9.13
6.81 1.29
7.56 3.93
8.04 6.99
9.21 0.45
0.38 7.78
1.94 4.62
2.82 6.34
3.51 8.88
4.16 2.20
5.67 9.03
6.24 0.58
7.84 3.69
8.11 7.91
9.77 5.46
0.41 8.23
1.90 3.77
2.69 9.10
3.32 4.49
4.94 6.82
5.83 7.20
6.53 1.76
7.92 2.38
8.45 4.67
9.08 0.94
0.55 8.77
1.31 5.92
2.48 9.32
3.82 6.43
4.61 1.29
5.73 7.98
6.32 4.09
7.68 2.56
8.77 5.63
9.14 8.10
0.28 3.48
1.79 9.56
2.93 4.21
3.47 6.81
4.79 8.47
5.65 2.17
6.99 7.31
7.53 1.84
8.68 3.59
9.27 5.79
0.79 8.01
1.92 4.93
2.55 7.77
3.80 1.75
4.40 6.11
5.84 9.24
6.49 3.46
7.19 2.67
8.43 7.09
9.01 0.92
0.64 5.72
1.57 8.56
2.78 4.40
3.92 9.01
4.32 6.74
5.99 3.88
6.25 1.41
7.45 8.28
8.32 7.14
9.84 2.45
0.96 4.85
1.87 9.11
2.62 6.32
3.75 7.99
4.21 3.50
5.40 8.40
6.56 2.53
7.77 5.97
8.94 0.56
9.35 7.04
0.41 3.90
1.86 5.31
2.78 9.02
3.69 4.50
4.95 6.15
5.60 7.88
6.24 1.94
7.86 8.60
8.14 2.67
9.42 3.81
0.97 5.43
1.63 4.87
2.46 8.90
3.87 7.24
4.52 9.37
5.98 2.58
6.33 6.77
7.45 1.23
8.29 4.39
9.17 8.53
0.75 6.48
1.92 9.24
2.81 3.93
3.54 7.86
4.16 8.29
5.77 1.46
6.89 4.71
7.58 2.23
8.64 5.11
9.19 0.67
0.88 9.15
1.43 2.54
2.69 7.74
3.89 4.05
4.71 6.22
5.32 8.70
6.40 3.55
7.62 5.29
8.29 1.91
9.07 7.16
0.26 4.94
1.84 5.90
2.99 8.38
3.53 7.77
4.24 2.58
5.90 9.03
6.63 1.87
7.47 4.32
8.83 6.91
9.55 3.45
0.69 8.85
1.74 6.27
2.83 4.92
3.95 9.19
4.58 7.42
5.63 2.76
6.15 8.77
7.81 3.88
8.40 1.21
9.12 6.24
0.57 9.38
1.42 5.49
2.72 7.86
3.88 4.50
4.33 6.11
5.95 8.47
6.48 2.39
7.29 9.01
8.34 3.75
9.64 0.58
0.80 7.13
1.97 5.75
2.53 8.46
3.72 4.68
4.91 9.00
5.69 1.90
6.54 8.62
7.90 2.79
8.07 6.34
9.23 3.98
0.45 4.21
1.86 9.57
2.65 7.22
3.72 1.38
4.17 5.61
5.98 8.80
6.20 3.15
7.89 2.47
8.66 6.90
9.04 0.79
0.55 8.45
1.32 3.70
2.91 9.43
3.69 4.87
4.62 6.78
5.73 2.63
6.91 8.34
7.57 1.93
8.40 5.22
9.26 7.96
0.88 4.57
1.74 9.15
2.64 6.49
3.84 7.91
4.22 3.60
5.80 8.12
6.49 2.87
7.96 4.23
8.55 1.49
9.16 5.84
0.94 7.29
1.81 6.51
2.47 3.93
3.70 8.01
4.56 5.20
5.39 9.48
6.61 1.27
7.28 4.79
8.34 2.68
9.03 7.42