61 60 17 5
100.0 10.5
68.6 56.6
56.1 77.5
63.2 77.1
59.8 11.2
5.9 0.3
15.7 76.2
11.5 60.6
52.8 39.7
35.0 27.8
32.1 46.8
92.0 4.2
33.1 2.8
58.3 7.0
97.8 76.6
33.7 88.7
73.8 32.6
47.8 45.8
48.4 71.4
69.5 82.6
3.0 58.1
11.9 58.4
69.9 14.0
93.5 63.7
51.7 48.1
82.2 66.7
93.4 45.4
26.6 31.3
56.0 95.4
91.5 60.1
41.6 35.6
51.7 17.3
36.0 20.0
42.7 1.1
31.7 97.1
72.6 68.7
33.4 97.7
17.3 81.5
10.4 61.8
50.5 36.3
46.7 65.2
8.3 14.5
44.4 4.0
47.7 83.2
76.5 27.1
45.1 71.2
65.4 52.2
75.2 67.0
62.6 76.9
21.8 47.0
51.0 76.9
80.7 38.4
46.5 58.7
44.9 54.8
94.2 95.1
16.4 81.7
52.4 44.0
83.9 77.0
36.5 29.7
30.1 37.6
74.6 56.5
33.6 88.0
19.0 31.5
62.0 29.5
94.6 58.4
30.9 27.4
72.8 44.5
60.0 48.8
79.4 69.0
42.1 78.5
17.2 88.6
8.1 49.3
95.9 15.0
70.6 85.9
66.7 41.6
52.4 21.5
94.7 8.9
85.6 64.1
32.2 87.5
56.4 71.0
65.6 30.8
67.5 29.8
0.6 51.0
37.1 79.5
65.5 53.9
56.7 68.5
84.6 55.4
48.1 79.0
49.5 90.7
18.3 6.5
80.7 2.2
88.0 74.7
28.5 64.8
9.3 35.7
75.5 27.6
36.7 0.4
23.3 10.9
61.9 19.4
83.2 85.0
15.5 80.1
88.1 98.2
97.4 48.8
40.0 59.8
61.1 50.4
4.3 43.3
86.2 5.6
46.3 11.7
70.4 4.8
83.9 29.1
65.7 69.5
73.7 81.2
18.0 11.9
11.3 98.6
75.1 78.7
61.4 51.4
44.6 72.4
46.3 82.8
86.1 6.5
86.2 81.7
48.4 65.2
93.7 14.0
4 37 55 6
84.7 79.7
92.0 36.8
88.6 86.3
25.8 13.7
21.7 50.8
20.1 44.3
16.3 81.3
87.8 39.0
93.7 89.2
70.0 74.4
18.5 61.6
18.6 30.2
67.7 48.1
94.7 56.0
34.5 35.7
69.4 73.1
1.8 41.8
65.4 47.7
84.8 57.4
53.5 76.5
55.2 64.9
25.3 68.6
83.9 8.3
48.7 31.0
91.5 0.6
5.7 58.2
31.0 55.2
78.5 7.8
24.5 62.6
94.1 46.4
0.2 76.5
54.4 3.9
73.4 74.6
75.5 49.1
54.8 40.7
55.4 93.9
39.6 20.5
13.8 27.4
85.2 65.1
14.2 96.2
47.9 29.5
4 71 17 10
51.9 70.4
57.6 25.4
33.0 1.5
99.3 46.2
58.1 1.4
26.8 40.6
63.0 19.4
10.1 63.8
40.1 55.0
50.6 20.0
8.9 10.6
94.4 62.6
66.2 50.8
71.5 73.2
78.2 85.3
93.1 89.5
20.3 13.0
89.2 55.5
53.1 95.5
26.8 80.5
14.0 59.0
73.1 90.4
42.0 58.9
14.1 7.7
46.1 56.4
33.9 6.3
50.5 90.1
98.6 6.8
57.3 61.9
71.5 76.5
73.0 65.8
42.7 60.9
83.4 33.7
20.0 11.2
79.0 83.1
80.5 46.0
74.2 78.7
15.1 31.7
30.8 66.8
15.1 11.5
67.7 61.7
49.0 60.8
46.8 83.7
48.9 1.3
90.1 72.4
29.3 65.9
47.1 50.5
41.8 7.0
13.5 20.1
18.7 63.4
81.1 28.4
50.9 99.1
13.3 29.7
18.3 47.2
87.1 76.8
18.5 42.1
55.2 65.2
27.8 68.5
80.5 89.8
79.1 21.4
20.4 19.7
70.6 6.0
6.4 48.1
26.9 84.4
68.1 55.6
56.1 88.2
86.3 31.5
3.9 90.0
20.6 98.4
47.2 10.9
87.4 84.6
81.2 66.1
18.8 0.1
52.1 68.6
75.7 44.3
11 22 64 10
1.1 91.4
21.6 56.2
95.9 19.7
68.8 6.6
12.6 46.0
53.1 24.3
7.9 43.8
70.5 65.2
22.5 63.1
27.3 89.5
30.2 51.5
38.9 76.4
81.9 78.8
51.5 54.5
11.3 71.9
4.1 74.8
42.6 79.4
66.3 27.0
11.2 74.8
85.6 63.9
61.2 73.1
75.6 86.0
91.4 2.1
33.1 84.1
51.6 61.3
55.0 98.7
32.9 58.0
14.6 84.2
61.9 6.7
29.6 69.8
44.5 30.8
99.8 42.5
12.1 85.7
32 82 36 1
68.0 82.0
46.2 14.4
72.7 53.9
69.2 7.5
39.0 16.9
91.5 89.2
7.8 71.5
45.0 68.3
65.3 38.6
95.3 90.1
97.1 20.1
56.6 59.5
47.7 75.5
39.3 66.3
37.6 37.4
48.1 78.9
12.8 75.0
16.8 85.7
62.0 50.1
7.7 33.9
24.6 2.4
54.0 68.9
51.6 65.1
14.7 81.5
28.8 77.2
5.9 88.7
11.8 64.1
64.2 39.6
49.7 23.5
67.5 31.3
94.0 78.9
85.3 27.5
15.9 33.9
90.6 9.9
35.2 46.5
21.7 51.6
16.8 70.2
29.7 5.4
34.4 91.1
13.9 68.2
64.8 73.3
24.4 56.2
63.3 39.7
54.1 19.3
32.6 33.3
89.4 43.8
64.1 63.2
9.8 46.8
62.0 57.7
2.0 18.6
8.6 9.4
2.7 14.0
6.0 9.8
53.7 60.7
72.5 95.5
2.4 6.8
94.9 26.2
11.4 68.2
84.4 44.0
0.6 86.1
17.0 12.6
75.7 63.6
78.8 16.6
31.1 85.0
80.6 31.0
53.7 56.5
90.4 73.0
25.2 35.9
12.8 88.8
94.9 97.0
57.3 23.9
7.9 56.8
64.2 91.3
90.3 49.8
89.3 67.5
29.5 3.3
85.1 79.1
54.2 28.1
87.7 32.9
14.2 49.9
12.1 11.6
83.3 75.7
5.4 62.4
83.7 37.7
97.6 36.1
62.1 10.3
81.9 30.8
39.7 7.4
19.9 17.7
38.3 55.6
46.3 55.2
39.6 24.6
49.7 17.6
32.8 82.2
44.5 16.3
97.1 66.2
14.1 53.0
25.1 12.4
31.0 31.3
54.7 4.9
60.9 86.5
7.4 38.2
30.3 61.6
95.2 99.0
43.3 35.8
78.7 78.1
44.7 7.9
0.1 49.5
48.1 40.0
19.9 17.0
80.2 39.4
86.2 40.6
88.9 24.8
85.4 26.3
57 17 22 1
9.3 70.0
82.7 51.6
31.0 93.2
71.2 95.9
7.8 47.9
82.9 66.7
93.4 38.4
96.8 71.5
72.2 27.2
63.6 56.6
62.9 84.1
60.2 15.5
92.2 21.3
30.2 98.2
39.2 23.8
98.0 68.3
47.6 80.3
66.2 91.6
8.5 69.2
64.7 99.1
65.7 66.9
28.8 11.1
78.3 47.4
33.1 70.9
51.1 90.5
56.8 11.9
39.5 5.1
47.2 35.2
47.6 54.7
68.9 42.4
21.5 33.4
75.7 73.1
85.6 90.0
27.2 7.8
19.3 54.0
2.7 94.8
92.6 35.0
80.2 76.9
17.9 0.5
34.1 4.0
50.4 97.5
19.5 89.7
15.2 45.6
67.1 96.4
37.3 84.4
2.1 60.5
17.2 33.7
83.9 29.0
78.2 65.8
44.5 57.0
17.9 94.1
73.6 96.8
27.1 76.1
23.0 50.5
72.1 78.8
1.6 47.9
63.9 12.7
72.7 37.9
76.3 39.1
80.3 88.7
50.1 7.2
50.0 94.7
5.0 18.7
97.4 35.1
11.5 3.8
75.4 40.6
40.3 86.0
12.3 94.5
29.2 81.8
75.6 93.6
60.9 93.0
36.9 67.6
93.7 4.0
8.7 70.0
74 43 20 10
78.2 82.8
75.8 10.6
71.2 43.6
10.6 17.8
12.3 54.4
64.5 43.4
4.2 69.7
96.1 82.3
93.7 45.9
21.3 77.3
62.4 93.5
83.3 87.8
11.5 88.8
21.1 28.6
86.9 51.6
55.7 61.7
75.2 50.8
37.7 43.7
55.0 86.9
37.8 55.6
59.8 54.8
57.0 94.2
0.2 39.4
98.8 45.3
73.5 4.3
52.7 3.0
45.4 34.4
20.0 98.0
37.7 40.3
84.6 50.4
63.8 69.4
64.8 36.0
50.1 6.2
41.5 0.5
13.8 8.5
5.1 91.8
35.6 85.4
67.0 83.6
41.0 56.5
37.3 71.0
11.7 85.8
49.9 19.3
1.6 77.0
100.0 11.0
53.6 43.7
12.6 27.9
45.1 2.4
19.8 61.7
1.4 30.9
34.3 9.6
20.4 54.5
75.4 1.2
44.6 3.7
75.5 51.6
17.1 25.4
2.3 26.0
13.6 54.1
0.1 40.3
1.2 46.0
23.9 24.4
43.2 31.8
90.4 33.5
8.5 3.5
8.2 17.1
44.4 40.8
98.0 96.4
70.3 32.6
90.2 55.7
78.4 20.4
41.6 60.6
59.6 88.5
46.8 30.9
94.6 54.0
18.3 82.5
56.9 95.1
6.9 30.2
16.8 13.7
80.7 6.7
99.6 96.7
69.0 7.6
26.8 29.8
66.4 14.3
14.1 81.1
77.0 16.7
38.3 70.9
46.6 17.9
62.3 48.2
8.9 24.1
40.1 90.5
95.4 26.1
84.5 39.9
43.8 36.3
85.3 61.1
88.3 83.0
26.2 17.6
81.1 73.9
93.1 46.2
48.7 67.2
83.1 1.1
71.2 82.7
23.0 4.0
19.1 68.4
43.2 91.7
29.1 6.1
20.8 71.0
77.8 51.7
81.9 1.2
69.0 81.4
22.5 81.9
56.7 63.8
5.9 52.4
78.1 18.1
76.8 25.1
94.2 51.5
8.0 71.5
77.8 93.6
72.4 17.3